 -37.00  -39.00
 -59.00  -39.33
 -58.33  -45.33
 -53.00  -45.33
 -57.00  -55.33
 -60.00  -64.33
 -63.67  -75.33
 -68.00  -88.67
 -72.67  -74.67
 -76.67  -63.00
 -67.33  -63.33
 -59.00  -63.67
 -56.33  -55.33
 -68.33  -55.33
 -80.00  -55.00
 -84.33  -45.33
 -78.33  -45.33
 -78.00  -39.00
 -99.00  -39.33
 -98.33  -46.00
 -95.00  -46.00
 -88.67  -63.33
 -81.33  -82.67
 -78.00  -92.00
 -84.67  -92.00
 -84.33  -98.00
 -71.00  -98.00
 -59.00  -98.00
 -55.33  -86.33
 -51.67  -75.33
 -45.67  -56.33
 -42.00  -45.33
 -37.33  -45.33
 -34.67  -48.67
 -34.00  -78.67
 -43.00  -79.67
 -42.33  -88.00
 -34.00  -88.00
 -34.00  -98.67
 -22.33  -98.00
 -22.33  -88.67
  -9.00  -88.67
  -9.00  -79.67
 -22.33  -79.67
 -22.33  -53.67
 -13.33  -46.33
  -5.00  -51.33
   0.33  -46.00
 -14.00  -37.00
 -33.00  -47.67
 -35.67  -46.00
