 -37.00  -39.00
 -59.00  -39.33
 -58.33  -45.33
 -53.00  -45.33
 -57.00  -55.33
 -60.00  -64.33
 -63.67  -75.33
 -68.00  -88.67
 -72.67  -74.67
 -76.67  -63.00
 -67.33  -63.33
 -59.00  -63.67
 -56.33  -55.33
 -68.33  -55.33
 -80.00  -55.00
 -84.33  -45.33
 -78.33  -45.33
 -78.00  -39.00
 -99.00  -39.33
 -98.33  -46.00
 -95.00  -46.00
 -88.67  -63.33
 -81.33  -82.67
 -78.00  -92.00
 -84.67  -92.00
 -84.33  -98.00
 -71.00  -98.00
 -59.00  -98.00
 -55.33  -86.33
 -51.67  -75.33
 -45.67  -56.33
 -42.00  -45.33
 -37.33  -45.33
 -34.67  -48.67
 -34.00  -78.67
 -43.00  -79.67
 -42.33  -88.00
 -34.00  -88.00
 -34.00  -98.67
 -22.33  -98.00
 -22.33  -88.67
  -9.00  -88.67
  -9.00  -79.67
 -22.33  -79.67
 -22.33  -53.67
 -13.33  -46.33
  -5.00  -51.33
  -9.00  -69.33
   8.33  -89.67
   6.00  -76.33
   2.67  -58.00
  13.33  -47.67
  26.67  -50.33
  12.67  -62.00
  11.00  -81.33
  16.00  -91.00
  31.67  -85.33
  44.33  -63.67
  41.67  -53.67
  31.00  -58.00
  22.67  -66.33
  22.00  -80.33
  32.67  -71.33
  31.67  -59.67
  41.67  -53.00
  47.67  -52.00
  64.33  -47.33
  77.67  -53.67
  66.00  -62.00
  47.00  -74.67
  50.00  -93.67
  73.33  -98.00
  86.00  -94.67
  84.33  -80.67
  75.33  -80.67
  77.67  -88.67
  62.67  -88.67
  57.00  -83.00
  86.67  -64.67
  87.67  -48.00
  72.67  -38.00
  57.67  -38.67
  42.67  -43.00
  47.67  -51.33
  42.00  -53.00
  30.33  -40.67
  11.00  -38.00
   0.33  -47.00
  -9.00  -38.67
 -25.00  -38.67
 -33.33  -48.67
 -35.67  -46.33
